1000	1
3.141593E+10 6.283185E+10 6.000000E+03 6.944444E+08
9.424778E+10 6.283185E+10 6.000000E+03 6.250000E+09
1.570796E+11 6.283185E+10 6.000000E+03 1.736111E+10
2.199115E+11 6.283185E+10 6.000000E+03 3.402778E+10
2.827433E+11 6.283185E+10 6.000000E+03 5.625000E+10
3.455752E+11 6.283185E+10 6.000000E+03 8.402778E+10
4.084070E+11 6.283185E+10 6.000000E+03 1.173611E+11
4.712389E+11 6.283185E+10 6.000000E+03 1.562500E+11
5.340708E+11 6.283185E+10 6.000000E+03 2.006944E+11
5.969026E+11 6.283185E+10 6.000000E+03 2.506944E+11
6.597345E+11 6.283185E+10 6.000000E+03 3.062500E+11
7.225663E+11 6.283185E+10 6.000000E+03 3.673611E+11
7.853982E+11 6.283185E+10 6.000000E+03 4.340278E+11
8.482300E+11 6.283185E+10 6.000000E+03 5.062500E+11
9.110619E+11 6.283185E+10 6.000000E+03 5.840278E+11
9.738937E+11 6.283185E+10 6.000000E+03 6.673611E+11
1.036726E+12 6.283185E+10 6.000000E+03 7.562500E+11
1.099557E+12 6.283185E+10 6.000000E+03 8.506944E+11
1.162389E+12 6.283185E+10 6.000000E+03 9.506944E+11
1.225221E+12 6.283185E+10 6.000000E+03 1.056250E+12
1.288053E+12 6.283185E+10 6.000000E+03 1.167361E+12
1.350885E+12 6.283185E+10 6.000000E+03 1.284028E+12
1.413717E+12 6.283185E+10 6.000000E+03 1.406250E+12
1.476549E+12 6.283185E+10 6.000000E+03 1.534028E+12
1.539380E+12 6.283185E+10 6.000000E+03 1.667361E+12
1.602212E+12 6.283185E+10 6.000000E+03 1.806250E+12
1.665044E+12 6.283185E+10 6.000000E+03 1.950694E+12
1.727876E+12 6.283185E+10 6.000000E+03 2.100694E+12
1.790708E+12 6.283185E+10 6.000000E+03 2.256250E+12
1.853540E+12 6.283185E+10 6.000000E+03 2.417361E+12
1.916372E+12 6.283185E+10 6.000000E+03 2.584028E+12
1.979203E+12 6.283185E+10 6.000000E+03 2.756250E+12
2.042035E+12 6.283185E+10 6.000000E+03 2.934028E+12
2.104867E+12 6.283185E+10 6.000000E+03 3.117361E+12
2.167699E+12 6.283185E+10 6.000000E+03 3.306250E+12
2.230531E+12 6.283185E+10 6.000000E+03 3.500694E+12
2.293363E+12 6.283185E+10 6.000000E+03 3.700694E+12
2.356194E+12 6.283185E+10 6.000000E+03 3.906250E+12
2.419026E+12 6.283185E+10 6.000000E+03 4.117361E+12
2.481858E+12 6.283185E+10 6.000000E+03 4.334028E+12
2.544690E+12 6.283185E+10 6.000000E+03 4.556250E+12
2.607522E+12 6.283185E+10 6.000000E+03 4.784028E+12
2.670354E+12 6.283185E+10 6.000000E+03 5.017361E+12
2.733186E+12 6.283185E+10 6.000000E+03 5.256250E+12
2.796017E+12 6.283185E+10 6.000000E+03 5.500694E+12
2.858849E+12 6.283185E+10 6.000000E+03 5.750694E+12
2.921681E+12 6.283185E+10 6.000000E+03 6.006250E+12
2.984513E+12 6.283185E+10 6.000000E+03 6.267361E+12
3.047345E+12 6.283185E+10 6.000000E+03 6.534028E+12
3.110177E+12 6.283185E+10 6.000000E+03 6.806250E+12
3.173009E+12 6.283185E+10 6.000000E+03 7.084028E+12
3.235840E+12 6.283185E+10 6.000000E+03 7.367361E+12
3.298672E+12 6.283185E+10 6.000000E+03 7.656250E+12
3.361504E+12 6.283185E+10 6.000000E+03 7.950694E+12
3.424336E+12 6.283185E+10 6.000000E+03 8.250694E+12
3.487168E+12 6.283185E+10 6.000000E+03 8.556250E+12
3.550000E+12 6.283185E+10 6.000000E+03 8.867361E+12
3.612832E+12 6.283185E+10 6.000000E+03 9.184028E+12
3.675663E+12 6.283185E+10 6.000000E+03 9.506250E+12
3.738495E+12 6.283185E+10 6.000000E+03 9.834028E+12
3.801327E+12 6.283185E+10 6.000000E+03 1.016736E+13
3.864159E+12 6.283185E+10 6.000000E+03 1.050625E+13
3.926991E+12 6.283185E+10 6.000000E+03 1.085069E+13
3.989823E+12 6.283185E+10 6.000000E+03 1.120069E+13
4.052655E+12 6.283185E+10 6.000000E+03 1.155625E+13
4.115486E+12 6.283185E+10 6.000000E+03 1.191736E+13
4.178318E+12 6.283185E+10 6.000000E+03 1.228403E+13
4.241150E+12 6.283185E+10 6.000000E+03 1.265625E+13
4.303982E+12 6.283185E+10 6.000000E+03 1.303403E+13
4.366814E+12 6.283185E+10 6.000000E+03 1.341736E+13
4.429646E+12 6.283185E+10 6.000000E+03 1.380625E+13
4.492477E+12 6.283185E+10 6.000000E+03 1.420069E+13
4.555309E+12 6.283185E+10 6.000000E+03 1.460069E+13
4.618141E+12 6.283185E+10 6.000000E+03 1.500625E+13
4.680973E+12 6.283185E+10 6.000000E+03 1.541736E+13
4.743805E+12 6.283185E+10 6.000000E+03 1.583403E+13
4.806637E+12 6.283185E+10 6.000000E+03 1.625625E+13
4.869469E+12 6.283185E+10 6.000000E+03 1.668403E+13
4.932300E+12 6.283185E+10 6.000000E+03 1.711736E+13
4.995132E+12 6.283185E+10 6.000000E+03 1.755625E+13
5.057964E+12 6.283185E+10 6.000000E+03 1.800069E+13
5.120796E+12 6.283185E+10 6.000000E+03 1.845069E+13
5.183628E+12 6.283185E+10 6.000000E+03 1.890625E+13
5.246460E+12 6.283185E+10 6.000000E+03 1.936736E+13
5.309292E+12 6.283185E+10 6.000000E+03 1.983403E+13
5.372123E+12 6.283185E+10 6.000000E+03 2.030625E+13
5.434955E+12 6.283185E+10 6.000000E+03 2.078403E+13
5.497787E+12 6.283185E+10 6.000000E+03 2.126736E+13
5.560619E+12 6.283185E+10 6.000000E+03 2.175625E+13
5.623451E+12 6.283185E+10 6.000000E+03 2.225069E+13
5.686283E+12 6.283185E+10 6.000000E+03 2.275069E+13
5.749115E+12 6.283185E+10 6.000000E+03 2.325625E+13
5.811946E+12 6.283185E+10 6.000000E+03 2.376736E+13
5.874778E+12 6.283185E+10 6.000000E+03 2.428403E+13
5.937610E+12 6.283185E+10 6.000000E+03 2.480625E+13
6.000442E+12 6.283185E+10 6.000000E+03 2.533403E+13
6.063274E+12 6.283185E+10 6.000000E+03 2.586736E+13
6.126106E+12 6.283185E+10 6.000000E+03 2.640625E+13
6.188938E+12 6.283185E+10 6.000000E+03 2.695069E+13
6.251769E+12 6.283185E+10 6.000000E+03 2.750069E+13
6.314601E+12 6.283185E+10 6.000000E+03 2.805625E+13
6.377433E+12 6.283185E+10 6.000000E+03 2.861736E+13
6.440265E+12 6.283185E+10 6.000000E+03 2.918403E+13
6.503097E+12 6.283185E+10 6.000000E+03 2.975625E+13
6.565929E+12 6.283185E+10 6.000000E+03 3.033403E+13
6.628760E+12 6.283185E+10 6.000000E+03 3.091736E+13
6.691592E+12 6.283185E+10 6.000000E+03 3.150625E+13
6.754424E+12 6.283185E+10 6.000000E+03 3.210069E+13
6.817256E+12 6.283185E+10 6.000000E+03 3.270069E+13
6.880088E+12 6.283185E+10 6.000000E+03 3.330625E+13
6.942920E+12 6.283185E+10 6.000000E+03 3.391736E+13
7.005752E+12 6.283185E+10 6.000000E+03 3.453403E+13
7.068583E+12 6.283185E+10 6.000000E+03 3.515625E+13
7.131415E+12 6.283185E+10 6.000000E+03 3.578403E+13
7.194247E+12 6.283185E+10 6.000000E+03 3.641736E+13
7.257079E+12 6.283185E+10 6.000000E+03 3.705625E+13
7.319911E+12 6.283185E+10 6.000000E+03 3.770069E+13
7.382743E+12 6.283185E+10 6.000000E+03 3.835069E+13
7.445575E+12 6.283185E+10 6.000000E+03 3.900625E+13
7.508406E+12 6.283185E+10 6.000000E+03 3.966736E+13
7.571238E+12 6.283185E+10 6.000000E+03 4.033403E+13
7.634070E+12 6.283185E+10 6.000000E+03 4.100625E+13
7.696902E+12 6.283185E+10 6.000000E+03 4.168403E+13
7.759734E+12 6.283185E+10 6.000000E+03 4.236736E+13
7.822566E+12 6.283185E+10 6.000000E+03 4.305625E+13
7.885398E+12 6.283185E+10 6.000000E+03 4.375069E+13
7.948229E+12 6.283185E+10 6.000000E+03 4.445069E+13
8.011061E+12 6.283185E+10 6.000000E+03 4.515625E+13
8.073893E+12 6.283185E+10 6.000000E+03 4.586736E+13
8.136725E+12 6.283185E+10 6.000000E+03 4.658403E+13
8.199557E+12 6.283185E+10 6.000000E+03 4.730625E+13
8.262389E+12 6.283185E+10 6.000000E+03 4.803403E+13
8.325221E+12 6.283185E+10 6.000000E+03 4.876736E+13
8.388052E+12 6.283185E+10 6.000000E+03 4.950625E+13
8.450884E+12 6.283185E+10 6.000000E+03 5.025069E+13
8.513716E+12 6.283185E+10 6.000000E+03 5.100069E+13
8.576548E+12 6.283185E+10 6.000000E+03 5.175625E+13
8.639380E+12 6.283185E+10 6.000000E+03 5.251736E+13
8.702212E+12 6.283185E+10 6.000000E+03 5.328403E+13
8.765044E+12 6.283185E+10 6.000000E+03 5.405625E+13
8.827875E+12 6.283185E+10 6.000000E+03 5.483403E+13
8.890707E+12 6.283185E+10 6.000000E+03 5.561736E+13
8.953539E+12 6.283185E+10 6.000000E+03 5.640625E+13
9.016371E+12 6.283185E+10 6.000000E+03 5.720069E+13
9.079203E+12 6.283185E+10 6.000000E+03 5.800069E+13
9.142035E+12 6.283185E+10 6.000000E+03 5.880625E+13
9.204866E+12 6.283185E+10 6.000000E+03 5.961736E+13
9.267698E+12 6.283185E+10 6.000000E+03 6.043403E+13
9.330530E+12 6.283185E+10 6.000000E+03 6.125625E+13
9.393362E+12 6.283185E+10 6.000000E+03 6.208403E+13
9.456194E+12 6.283185E+10 6.000000E+03 6.291736E+13
9.519026E+12 6.283185E+10 6.000000E+03 6.375625E+13
9.581858E+12 6.283185E+10 6.000000E+03 6.460069E+13
9.644689E+12 6.283185E+10 6.000000E+03 6.545069E+13
9.707521E+12 6.283185E+10 6.000000E+03 6.630625E+13
9.770353E+12 6.283185E+10 6.000000E+03 6.716736E+13
9.833185E+12 6.283185E+10 6.000000E+03 6.803403E+13
9.896017E+12 6.283185E+10 6.000000E+03 6.890625E+13
9.958849E+12 6.283185E+10 6.000000E+03 6.978403E+13
1.002168E+13 6.283185E+10 6.000000E+03 7.066736E+13
1.008451E+13 6.283185E+10 6.000000E+03 7.155625E+13
1.014734E+13 6.283185E+10 6.000000E+03 7.245069E+13
1.021018E+13 6.283185E+10 6.000000E+03 7.335069E+13
1.027301E+13 6.283185E+10 6.000000E+03 7.425625E+13
1.033584E+13 6.283185E+10 6.000000E+03 7.516736E+13
1.039867E+13 6.283185E+10 6.000000E+03 7.608403E+13
1.046150E+13 6.283185E+10 6.000000E+03 7.700625E+13
1.052434E+13 6.283185E+10 6.000000E+03 7.793403E+13
1.058717E+13 6.283185E+10 6.000000E+03 7.886736E+13
1.065000E+13 6.283185E+10 6.000000E+03 7.980625E+13
1.071283E+13 6.283185E+10 6.000000E+03 8.075069E+13
1.077566E+13 6.283185E+10 6.000000E+03 8.170069E+13
1.083849E+13 6.283185E+10 6.000000E+03 8.265625E+13
1.090133E+13 6.283185E+10 6.000000E+03 8.361736E+13
1.096416E+13 6.283185E+10 6.000000E+03 8.458403E+13
1.102699E+13 6.283185E+10 6.000000E+03 8.555625E+13
1.108982E+13 6.283185E+10 6.000000E+03 8.653403E+13
1.115265E+13 6.283185E+10 6.000000E+03 8.751736E+13
1.121549E+13 6.283185E+10 6.000000E+03 8.850625E+13
1.127832E+13 6.283185E+10 6.000000E+03 8.950069E+13
1.134115E+13 6.283185E+10 6.000000E+03 9.050069E+13
1.140398E+13 6.283185E+10 6.000000E+03 9.150625E+13
1.146681E+13 6.283185E+10 6.000000E+03 9.251736E+13
1.152965E+13 6.283185E+10 6.000000E+03 9.353403E+13
1.159248E+13 6.283185E+10 6.000000E+03 9.455625E+13
1.165531E+13 6.283185E+10 6.000000E+03 9.558403E+13
1.171814E+13 6.283185E+10 6.000000E+03 9.661736E+13
1.178097E+13 6.283185E+10 6.000000E+03 9.765625E+13
1.184380E+13 6.283185E+10 6.000000E+03 9.870069E+13
1.190664E+13 6.283185E+10 6.000000E+03 9.975069E+13
1.196947E+13 6.283185E+10 6.000000E+03 1.008062E+14
1.203230E+13 6.283185E+10 6.000000E+03 1.018674E+14
1.209513E+13 6.283185E+10 6.000000E+03 1.029340E+14
1.215796E+13 6.283185E+10 6.000000E+03 1.040062E+14
1.222080E+13 6.283185E+10 6.000000E+03 1.050840E+14
1.228363E+13 6.283185E+10 6.000000E+03 1.061674E+14
1.234646E+13 6.283185E+10 6.000000E+03 1.072562E+14
1.240929E+13 6.283185E+10 6.000000E+03 1.083507E+14
1.247212E+13 6.283185E+10 6.000000E+03 1.094507E+14
1.253495E+13 6.283185E+10 6.000000E+03 1.105562E+14
1.259779E+13 6.283185E+10 6.000000E+03 1.116674E+14
1.266062E+13 6.283185E+10 6.000000E+03 1.127840E+14
1.272345E+13 6.283185E+10 6.000000E+03 1.139062E+14
1.278628E+13 6.283185E+10 6.000000E+03 1.150340E+14
1.284911E+13 6.283185E+10 6.000000E+03 1.161674E+14
1.291195E+13 6.283185E+10 6.000000E+03 1.173062E+14
1.297478E+13 6.283185E+10 6.000000E+03 1.184507E+14
1.303761E+13 6.283185E+10 6.000000E+03 1.196007E+14
1.310044E+13 6.283185E+10 6.000000E+03 1.207563E+14
1.316327E+13 6.283185E+10 6.000000E+03 1.219174E+14
1.322611E+13 6.283185E+10 6.000000E+03 1.230840E+14
1.328894E+13 6.283185E+10 6.000000E+03 1.242562E+14
1.335177E+13 6.283185E+10 6.000000E+03 1.254340E+14
1.341460E+13 6.283185E+10 6.000000E+03 1.266174E+14
1.347743E+13 6.283185E+10 6.000000E+03 1.278062E+14
1.354026E+13 6.283185E+10 6.000000E+03 1.290007E+14
1.360310E+13 6.283185E+10 6.000000E+03 1.302007E+14
1.366593E+13 6.283185E+10 6.000000E+03 1.314062E+14
1.372876E+13 6.283185E+10 6.000000E+03 1.326174E+14
1.379159E+13 6.283185E+10 6.000000E+03 1.338340E+14
1.385442E+13 6.283185E+10 6.000000E+03 1.350562E+14
1.391726E+13 6.283185E+10 6.000000E+03 1.362840E+14
1.398009E+13 6.283185E+10 6.000000E+03 1.375174E+14
1.404292E+13 6.283185E+10 6.000000E+03 1.387562E+14
1.410575E+13 6.283185E+10 6.000000E+03 1.400007E+14
1.416858E+13 6.283185E+10 6.000000E+03 1.412507E+14
1.423141E+13 6.283185E+10 6.000000E+03 1.425062E+14
1.429425E+13 6.283185E+10 6.000000E+03 1.437674E+14
1.435708E+13 6.283185E+10 6.000000E+03 1.450340E+14
1.441991E+13 6.283185E+10 6.000000E+03 1.463063E+14
1.448274E+13 6.283185E+10 6.000000E+03 1.475840E+14
1.454557E+13 6.283185E+10 6.000000E+03 1.488674E+14
1.460841E+13 6.283185E+10 6.000000E+03 1.501562E+14
1.467124E+13 6.283185E+10 6.000000E+03 1.514507E+14
1.473407E+13 6.283185E+10 6.000000E+03 1.527507E+14
1.479690E+13 6.283185E+10 6.000000E+03 1.540562E+14
1.485973E+13 6.283185E+10 6.000000E+03 1.553674E+14
1.492257E+13 6.283185E+10 6.000000E+03 1.566840E+14
1.498540E+13 6.283185E+10 6.000000E+03 1.580062E+14
1.504823E+13 6.283185E+10 6.000000E+03 1.593340E+14
1.511106E+13 6.283185E+10 6.000000E+03 1.606674E+14
1.517389E+13 6.283185E+10 6.000000E+03 1.620062E+14
1.523672E+13 6.283185E+10 6.000000E+03 1.633507E+14
1.529956E+13 6.283185E+10 6.000000E+03 1.647007E+14
1.536239E+13 6.283185E+10 6.000000E+03 1.660562E+14
1.542522E+13 6.283185E+10 6.000000E+03 1.674174E+14
1.548805E+13 6.283185E+10 6.000000E+03 1.687840E+14
1.555088E+13 6.283185E+10 6.000000E+03 1.701562E+14
1.561372E+13 6.283185E+10 6.000000E+03 1.715340E+14
1.567655E+13 6.283185E+10 6.000000E+03 1.729174E+14
1.573938E+13 6.283185E+10 6.000000E+03 1.743062E+14
1.580221E+13 6.283185E+10 6.000000E+03 1.757007E+14
1.586504E+13 6.283185E+10 6.000000E+03 1.771007E+14
1.592787E+13 6.283185E+10 6.000000E+03 1.785062E+14
1.599071E+13 6.283185E+10 6.000000E+03 1.799174E+14
1.605354E+13 6.283185E+10 6.000000E+03 1.813340E+14
1.611637E+13 6.283185E+10 6.000000E+03 1.827562E+14
1.617920E+13 6.283185E+10 6.000000E+03 1.841840E+14
1.624203E+13 6.283185E+10 6.000000E+03 1.856174E+14
1.630487E+13 6.283185E+10 6.000000E+03 1.870562E+14
1.636770E+13 6.283185E+10 6.000000E+03 1.885007E+14
1.643053E+13 6.283185E+10 6.000000E+03 1.899507E+14
1.649336E+13 6.283185E+10 6.000000E+03 1.914062E+14
1.655619E+13 6.283185E+10 6.000000E+03 1.928674E+14
1.661903E+13 6.283185E+10 6.000000E+03 1.943340E+14
1.668186E+13 6.283185E+10 6.000000E+03 1.958062E+14
1.674469E+13 6.283185E+10 6.000000E+03 1.972840E+14
1.680752E+13 6.283185E+10 6.000000E+03 1.987674E+14
1.687035E+13 6.283185E+10 6.000000E+03 2.002562E+14
1.693318E+13 6.283185E+10 6.000000E+03 2.017507E+14
1.699602E+13 6.283185E+10 6.000000E+03 2.032507E+14
1.705885E+13 6.283185E+10 6.000000E+03 2.047562E+14
1.712168E+13 6.283185E+10 6.000000E+03 2.062674E+14
1.718451E+13 6.283185E+10 6.000000E+03 2.077840E+14
1.724734E+13 6.283185E+10 6.000000E+03 2.093062E+14
1.731018E+13 6.283185E+10 6.000000E+03 2.108340E+14
1.737301E+13 6.283185E+10 6.000000E+03 2.123674E+14
1.743584E+13 6.283185E+10 6.000000E+03 2.139062E+14
1.749867E+13 6.283185E+10 6.000000E+03 2.154507E+14
1.756150E+13 6.283185E+10 6.000000E+03 2.170007E+14
1.762433E+13 6.283185E+10 6.000000E+03 2.185562E+14
1.768717E+13 6.283185E+10 6.000000E+03 2.201174E+14
1.775000E+13 6.283185E+10 6.000000E+03 2.216840E+14
1.781283E+13 6.283185E+10 6.000000E+03 2.232562E+14
1.787566E+13 6.283185E+10 6.000000E+03 2.248340E+14
1.793849E+13 6.283185E+10 6.000000E+03 2.264174E+14
1.800133E+13 6.283185E+10 6.000000E+03 2.280063E+14
1.806416E+13 6.283185E+10 6.000000E+03 2.296007E+14
1.812699E+13 6.283185E+10 6.000000E+03 2.312007E+14
1.818982E+13 6.283185E+10 6.000000E+03 2.328062E+14
1.825265E+13 6.283185E+10 6.000000E+03 2.344174E+14
1.831549E+13 6.283185E+10 6.000000E+03 2.360340E+14
1.837832E+13 6.283185E+10 6.000000E+03 2.376562E+14
1.844115E+13 6.283185E+10 6.000000E+03 2.392840E+14
1.850398E+13 6.283185E+10 6.000000E+03 2.409174E+14
1.856681E+13 6.283185E+10 6.000000E+03 2.425562E+14
1.862964E+13 6.283185E+10 6.000000E+03 2.442007E+14
1.869248E+13 6.283185E+10 6.000000E+03 2.458507E+14
1.875531E+13 6.283185E+10 6.000000E+03 2.475062E+14
1.881814E+13 6.283185E+10 6.000000E+03 2.491674E+14
1.888097E+13 6.283185E+10 6.000000E+03 2.508340E+14
1.894380E+13 6.283185E+10 6.000000E+03 2.525062E+14
1.900664E+13 6.283185E+10 6.000000E+03 2.541840E+14
1.906947E+13 6.283185E+10 6.000000E+03 2.558674E+14
1.913230E+13 6.283185E+10 6.000000E+03 2.575562E+14
1.919513E+13 6.283185E+10 6.000000E+03 2.592507E+14
1.925796E+13 6.283185E+10 6.000000E+03 2.609507E+14
1.932079E+13 6.283185E+10 6.000000E+03 2.626562E+14
1.938363E+13 6.283185E+10 6.000000E+03 2.643674E+14
1.944646E+13 6.283185E+10 6.000000E+03 2.660840E+14
1.950929E+13 6.283185E+10 6.000000E+03 2.678062E+14
1.957212E+13 6.283185E+10 6.000000E+03 2.695340E+14
1.963495E+13 6.283185E+10 6.000000E+03 2.712674E+14
1.969779E+13 6.283185E+10 6.000000E+03 2.730063E+14
1.976062E+13 6.283185E+10 6.000000E+03 2.747507E+14
1.982345E+13 6.283185E+10 6.000000E+03 2.765007E+14
1.988628E+13 6.283185E+10 6.000000E+03 2.782563E+14
1.994911E+13 6.283185E+10 6.000000E+03 2.800174E+14
2.001195E+13 6.283185E+10 6.000000E+03 2.817840E+14
2.007478E+13 6.283185E+10 6.000000E+03 2.835562E+14
2.013761E+13 6.283185E+10 6.000000E+03 2.853340E+14
2.020044E+13 6.283185E+10 6.000000E+03 2.871174E+14
2.026327E+13 6.283185E+10 6.000000E+03 2.889062E+14
2.032610E+13 6.283185E+10 6.000000E+03 2.907007E+14
2.038894E+13 6.283185E+10 6.000000E+03 2.925007E+14
2.045177E+13 6.283185E+10 6.000000E+03 2.943062E+14
2.051460E+13 6.283185E+10 6.000000E+03 2.961174E+14
2.057743E+13 6.283185E+10 6.000000E+03 2.979340E+14
2.064026E+13 6.283185E+10 6.000000E+03 2.997562E+14
2.070310E+13 6.283185E+10 6.000000E+03 3.015840E+14
2.076593E+13 6.283185E+10 6.000000E+03 3.034174E+14
2.082876E+13 6.283185E+10 6.000000E+03 3.052562E+14
2.089159E+13 6.283185E+10 6.000000E+03 3.071007E+14
2.095442E+13 6.283185E+10 6.000000E+03 3.089507E+14
2.101725E+13 6.283185E+10 6.000000E+03 3.108062E+14
2.108009E+13 6.283185E+10 6.000000E+03 3.126674E+14
2.114292E+13 6.283185E+10 6.000000E+03 3.145340E+14
2.120575E+13 6.283185E+10 6.000000E+03 3.164062E+14
2.126858E+13 6.283185E+10 6.000000E+03 3.182840E+14
2.133141E+13 6.283185E+10 6.000000E+03 3.201674E+14
2.139425E+13 6.283185E+10 6.000000E+03 3.220563E+14
2.145708E+13 6.283185E+10 6.000000E+03 3.239507E+14
2.151991E+13 6.283185E+10 6.000000E+03 3.258507E+14
2.158274E+13 6.283185E+10 6.000000E+03 3.277562E+14
2.164557E+13 6.283185E+10 6.000000E+03 3.296674E+14
2.170841E+13 6.283185E+10 6.000000E+03 3.315840E+14
2.177124E+13 6.283185E+10 6.000000E+03 3.335062E+14
2.183407E+13 6.283185E+10 6.000000E+03 3.354340E+14
2.189690E+13 6.283185E+10 6.000000E+03 3.373674E+14
2.195973E+13 6.283185E+10 6.000000E+03 3.393062E+14
2.202256E+13 6.283185E+10 6.000000E+03 3.412507E+14
2.208540E+13 6.283185E+10 6.000000E+03 3.432007E+14
2.214823E+13 6.283185E+10 6.000000E+03 3.451562E+14
2.221106E+13 6.283185E+10 6.000000E+03 3.471174E+14
2.227389E+13 6.283185E+10 6.000000E+03 3.490840E+14
2.233672E+13 6.283185E+10 6.000000E+03 3.510562E+14
2.239956E+13 6.283185E+10 6.000000E+03 3.530340E+14
2.246239E+13 6.283185E+10 6.000000E+03 3.550174E+14
2.252522E+13 6.283185E+10 6.000000E+03 3.570062E+14
2.258805E+13 6.283185E+10 6.000000E+03 3.590007E+14
2.265088E+13 6.283185E+10 6.000000E+03 3.610007E+14
2.271371E+13 6.283185E+10 6.000000E+03 3.630062E+14
2.277655E+13 6.283185E+10 6.000000E+03 3.650174E+14
2.283938E+13 6.283185E+10 6.000000E+03 3.670340E+14
2.290221E+13 6.283185E+10 6.000000E+03 3.690562E+14
2.296504E+13 6.283185E+10 6.000000E+03 3.710840E+14
2.302787E+13 6.283185E+10 6.000000E+03 3.731174E+14
2.309071E+13 6.283185E+10 6.000000E+03 3.751562E+14
2.315354E+13 6.283185E+10 6.000000E+03 3.772007E+14
2.321637E+13 6.283185E+10 6.000000E+03 3.792507E+14
2.327920E+13 6.283185E+10 6.000000E+03 3.813062E+14
2.334203E+13 6.283185E+10 6.000000E+03 3.833674E+14
2.340487E+13 6.283185E+10 6.000000E+03 3.854340E+14
2.346770E+13 6.283185E+10 6.000000E+03 3.875062E+14
2.353053E+13 6.283185E+10 6.000000E+03 3.895840E+14
2.359336E+13 6.283185E+10 6.000000E+03 3.916674E+14
2.365619E+13 6.283185E+10 6.000000E+03 3.937562E+14
2.371902E+13 6.283185E+10 6.000000E+03 3.958507E+14
2.378186E+13 6.283185E+10 6.000000E+03 3.979507E+14
2.384469E+13 6.283185E+10 6.000000E+03 4.000562E+14
2.390752E+13 6.283185E+10 6.000000E+03 4.021674E+14
2.397035E+13 6.283185E+10 6.000000E+03 4.042840E+14
2.403318E+13 6.283185E+10 6.000000E+03 4.064063E+14
2.409602E+13 6.283185E+10 6.000000E+03 4.085340E+14
2.415885E+13 6.283185E+10 6.000000E+03 4.106674E+14
2.422168E+13 6.283185E+10 6.000000E+03 4.128062E+14
2.428451E+13 6.283185E+10 6.000000E+03 4.149507E+14
2.434734E+13 6.283185E+10 6.000000E+03 4.171007E+14
2.441017E+13 6.283185E+10 6.000000E+03 4.192562E+14
2.447301E+13 6.283185E+10 6.000000E+03 4.214174E+14
2.453584E+13 6.283185E+10 6.000000E+03 4.235840E+14
2.459867E+13 6.283185E+10 6.000000E+03 4.257562E+14
2.466150E+13 6.283185E+10 6.000000E+03 4.279340E+14
2.472433E+13 6.283185E+10 6.000000E+03 4.301174E+14
2.478717E+13 6.283185E+10 6.000000E+03 4.323063E+14
2.485000E+13 6.283185E+10 6.000000E+03 4.345007E+14
2.491283E+13 6.283185E+10 6.000000E+03 4.367007E+14
2.497566E+13 6.283185E+10 6.000000E+03 4.389063E+14
2.503849E+13 6.283185E+10 6.000000E+03 4.411174E+14
2.510133E+13 6.283185E+10 6.000000E+03 4.433340E+14
2.516416E+13 6.283185E+10 6.000000E+03 4.455562E+14
2.522699E+13 6.283185E+10 6.000000E+03 4.477840E+14
2.528982E+13 6.283185E+10 6.000000E+03 4.500174E+14
2.535265E+13 6.283185E+10 6.000000E+03 4.522562E+14
2.541548E+13 6.283185E+10 6.000000E+03 4.545007E+14
2.547832E+13 6.283185E+10 6.000000E+03 4.567507E+14
2.554115E+13 6.283185E+10 6.000000E+03 4.590062E+14
2.560398E+13 6.283185E+10 6.000000E+03 4.612674E+14
2.566681E+13 6.283185E+10 6.000000E+03 4.635340E+14
2.572964E+13 6.283185E+10 6.000000E+03 4.658062E+14
2.579248E+13 6.283185E+10 6.000000E+03 4.680840E+14
2.585531E+13 6.283185E+10 6.000000E+03 4.703674E+14
2.591814E+13 6.283185E+10 6.000000E+03 4.726562E+14
2.598097E+13 6.283185E+10 6.000000E+03 4.749507E+14
2.604380E+13 6.283185E+10 6.000000E+03 4.772507E+14
2.610663E+13 6.283185E+10 6.000000E+03 4.795562E+14
2.616947E+13 6.283185E+10 6.000000E+03 4.818674E+14
2.623230E+13 6.283185E+10 6.000000E+03 4.841840E+14
2.629513E+13 6.283185E+10 6.000000E+03 4.865062E+14
2.635796E+13 6.283185E+10 6.000000E+03 4.888340E+14
2.642079E+13 6.283185E+10 6.000000E+03 4.911674E+14
2.648363E+13 6.283185E+10 6.000000E+03 4.935063E+14
2.654646E+13 6.283185E+10 6.000000E+03 4.958507E+14
2.660929E+13 6.283185E+10 6.000000E+03 4.982007E+14
2.667212E+13 6.283185E+10 6.000000E+03 5.005562E+14
2.673495E+13 6.283185E+10 6.000000E+03 5.029174E+14
2.679779E+13 6.283185E+10 6.000000E+03 5.052840E+14
2.686062E+13 6.283185E+10 6.000000E+03 5.076562E+14
2.692345E+13 6.283185E+10 6.000000E+03 5.100340E+14
2.698628E+13 6.283185E+10 6.000000E+03 5.124174E+14
2.704911E+13 6.283185E+10 6.000000E+03 5.148062E+14
2.711194E+13 6.283185E+10 6.000000E+03 5.172007E+14
2.717478E+13 6.283185E+10 6.000000E+03 5.196007E+14
2.723761E+13 6.283185E+10 6.000000E+03 5.220062E+14
2.730044E+13 6.283185E+10 6.000000E+03 5.244174E+14
2.736327E+13 6.283185E+10 6.000000E+03 5.268340E+14
2.742610E+13 6.283185E+10 6.000000E+03 5.292563E+14
2.748894E+13 6.283185E+10 6.000000E+03 5.316840E+14
2.755177E+13 6.283185E+10 6.000000E+03 5.341174E+14
2.761460E+13 6.283185E+10 6.000000E+03 5.365562E+14
2.767743E+13 6.283185E+10 6.000000E+03 5.390007E+14
2.774026E+13 6.283185E+10 6.000000E+03 5.414507E+14
2.780309E+13 6.283185E+10 6.000000E+03 5.439062E+14
2.786593E+13 6.283185E+10 6.000000E+03 5.463674E+14
2.792876E+13 6.283185E+10 6.000000E+03 5.488340E+14
2.799159E+13 6.283185E+10 6.000000E+03 5.513062E+14
2.805442E+13 6.283185E+10 6.000000E+03 5.537840E+14
2.811725E+13 6.283185E+10 6.000000E+03 5.562674E+14
2.818009E+13 6.283185E+10 6.000000E+03 5.587562E+14
2.824292E+13 6.283185E+10 6.000000E+03 5.612507E+14
2.830575E+13 6.283185E+10 6.000000E+03 5.637507E+14
2.836858E+13 6.283185E+10 6.000000E+03 5.662562E+14
2.843141E+13 6.283185E+10 6.000000E+03 5.687674E+14
2.849425E+13 6.283185E+10 6.000000E+03 5.712840E+14
2.855708E+13 6.283185E+10 6.000000E+03 5.738062E+14
2.861991E+13 6.283185E+10 6.000000E+03 5.763340E+14
2.868274E+13 6.283185E+10 6.000000E+03 5.788674E+14
2.874557E+13 6.283185E+10 6.000000E+03 5.814062E+14
2.880840E+13 6.283185E+10 6.000000E+03 5.839507E+14
2.887124E+13 6.283185E+10 6.000000E+03 5.865007E+14
2.893407E+13 6.283185E+10 6.000000E+03 5.890562E+14
2.899690E+13 6.283185E+10 6.000000E+03 5.916174E+14
2.905973E+13 6.283185E+10 6.000000E+03 5.941840E+14
2.912256E+13 6.283185E+10 6.000000E+03 5.967562E+14
2.918540E+13 6.283185E+10 6.000000E+03 5.993340E+14
2.924823E+13 6.283185E+10 6.000000E+03 6.019174E+14
2.931106E+13 6.283185E+10 6.000000E+03 6.045063E+14
2.937389E+13 6.283185E+10 6.000000E+03 6.071007E+14
2.943672E+13 6.283185E+10 6.000000E+03 6.097007E+14
2.949956E+13 6.283185E+10 6.000000E+03 6.123062E+14
2.956239E+13 6.283185E+10 6.000000E+03 6.149174E+14
2.962522E+13 6.283185E+10 6.000000E+03 6.175340E+14
2.968805E+13 6.283185E+10 6.000000E+03 6.201562E+14
2.975088E+13 6.283185E+10 6.000000E+03 6.227840E+14
2.981371E+13 6.283185E+10 6.000000E+03 6.254174E+14
2.987655E+13 6.283185E+10 6.000000E+03 6.280562E+14
2.993938E+13 6.283185E+10 6.000000E+03 6.307007E+14
3.000221E+13 6.283185E+10 6.000000E+03 6.333507E+14
3.006504E+13 6.283185E+10 6.000000E+03 6.360062E+14
3.012787E+13 6.283185E+10 6.000000E+03 6.386674E+14
3.019071E+13 6.283185E+10 6.000000E+03 6.413340E+14
3.025354E+13 6.283185E+10 6.000000E+03 6.440062E+14
3.031637E+13 6.283185E+10 6.000000E+03 6.466840E+14
3.037920E+13 6.283185E+10 6.000000E+03 6.493674E+14
3.044203E+13 6.283185E+10 6.000000E+03 6.520562E+14
3.050486E+13 6.283185E+10 6.000000E+03 6.547507E+14
3.056770E+13 6.283185E+10 6.000000E+03 6.574507E+14
3.063053E+13 6.283185E+10 6.000000E+03 6.601562E+14
3.069336E+13 6.283185E+10 6.000000E+03 6.628674E+14
3.075619E+13 6.283185E+10 6.000000E+03 6.655840E+14
3.081902E+13 6.283185E+10 6.000000E+03 6.683062E+14
3.088186E+13 6.283185E+10 6.000000E+03 6.710340E+14
3.094469E+13 6.283185E+10 6.000000E+03 6.737674E+14
3.100752E+13 6.283185E+10 6.000000E+03 6.765062E+14
3.107035E+13 6.283185E+10 6.000000E+03 6.792507E+14
3.113318E+13 6.283185E+10 6.000000E+03 6.820007E+14
3.119602E+13 6.283185E+10 6.000000E+03 6.847562E+14
3.125885E+13 6.283185E+10 6.000000E+03 6.875174E+14
3.132168E+13 6.283185E+10 6.000000E+03 6.902840E+14
3.138451E+13 6.283185E+10 6.000000E+03 6.930562E+14
3.144734E+13 6.283185E+10 6.000000E+03 6.958340E+14
3.151017E+13 6.283185E+10 6.000000E+03 6.986174E+14
3.157301E+13 6.283185E+10 6.000000E+03 7.014062E+14
3.163584E+13 6.283185E+10 6.000000E+03 7.042007E+14
3.169867E+13 6.283185E+10 6.000000E+03 7.070007E+14
3.176150E+13 6.283185E+10 6.000000E+03 7.098062E+14
3.182433E+13 6.283185E+10 6.000000E+03 7.126174E+14
3.188717E+13 6.283185E+10 6.000000E+03 7.154340E+14
3.195000E+13 6.283185E+10 6.000000E+03 7.182562E+14
3.201283E+13 6.283185E+10 6.000000E+03 7.210840E+14
3.207566E+13 6.283185E+10 6.000000E+03 7.239174E+14
3.213849E+13 6.283185E+10 6.000000E+03 7.267562E+14
3.220132E+13 6.283185E+10 6.000000E+03 7.296007E+14
3.226416E+13 6.283185E+10 6.000000E+03 7.324507E+14
3.232699E+13 6.283185E+10 6.000000E+03 7.353062E+14
3.238982E+13 6.283185E+10 6.000000E+03 7.381674E+14
3.245265E+13 6.283185E+10 6.000000E+03 7.410340E+14
3.251548E+13 6.283185E+10 6.000000E+03 7.439062E+14
3.257832E+13 6.283185E+10 6.000000E+03 7.467840E+14
3.264115E+13 6.283185E+10 6.000000E+03 7.496674E+14
3.270398E+13 6.283185E+10 6.000000E+03 7.525562E+14
3.276681E+13 6.283185E+10 6.000000E+03 7.554507E+14
3.282964E+13 6.283185E+10 6.000000E+03 7.583507E+14
3.289248E+13 6.283185E+10 6.000000E+03 7.612562E+14
3.295531E+13 6.283185E+10 6.000000E+03 7.641674E+14
3.301814E+13 6.283185E+10 6.000000E+03 7.670840E+14
3.308097E+13 6.283185E+10 6.000000E+03 7.700062E+14
3.314380E+13 6.283185E+10 6.000000E+03 7.729340E+14
3.320663E+13 6.283185E+10 6.000000E+03 7.758674E+14
3.326947E+13 6.283185E+10 6.000000E+03 7.788062E+14
3.333230E+13 6.283185E+10 6.000000E+03 7.817507E+14
3.339513E+13 6.283185E+10 6.000000E+03 7.847007E+14
3.345796E+13 6.283185E+10 6.000000E+03 7.876562E+14
3.352079E+13 6.283185E+10 6.000000E+03 7.906174E+14
3.358363E+13 6.283185E+10 6.000000E+03 7.935840E+14
3.364646E+13 6.283185E+10 6.000000E+03 7.965562E+14
3.370929E+13 6.283185E+10 6.000000E+03 7.995340E+14
3.377212E+13 6.283185E+10 6.000000E+03 8.025174E+14
3.383495E+13 6.283185E+10 6.000000E+03 8.055062E+14
3.389778E+13 6.283185E+10 6.000000E+03 8.085007E+14
3.396062E+13 6.283185E+10 6.000000E+03 8.115007E+14
3.402345E+13 6.283185E+10 6.000000E+03 8.145062E+14
3.408628E+13 6.283185E+10 6.000000E+03 8.175174E+14
3.414911E+13 6.283185E+10 6.000000E+03 8.205340E+14
3.421194E+13 6.283185E+10 6.000000E+03 8.235562E+14
3.427478E+13 6.283185E+10 6.000000E+03 8.265840E+14
3.433761E+13 6.283185E+10 6.000000E+03 8.296174E+14
3.440044E+13 6.283185E+10 6.000000E+03 8.326562E+14
3.446327E+13 6.283185E+10 6.000000E+03 8.357007E+14
3.452610E+13 6.283185E+10 6.000000E+03 8.387507E+14
3.458894E+13 6.283185E+10 6.000000E+03 8.418062E+14
3.465177E+13 6.283185E+10 6.000000E+03 8.448674E+14
3.471460E+13 6.283185E+10 6.000000E+03 8.479340E+14
3.477743E+13 6.283185E+10 6.000000E+03 8.510062E+14
3.484026E+13 6.283185E+10 6.000000E+03 8.540840E+14
3.490309E+13 6.283185E+10 6.000000E+03 8.571674E+14
3.496593E+13 6.283185E+10 6.000000E+03 8.602562E+14
3.502876E+13 6.283185E+10 6.000000E+03 8.633507E+14
3.509159E+13 6.283185E+10 6.000000E+03 8.664507E+14
3.515442E+13 6.283185E+10 6.000000E+03 8.695562E+14
3.521725E+13 6.283185E+10 6.000000E+03 8.726674E+14
3.528009E+13 6.283185E+10 6.000000E+03 8.757840E+14
3.534292E+13 6.283185E+10 6.000000E+03 8.789062E+14
3.540575E+13 6.283185E+10 6.000000E+03 8.820340E+14
3.546858E+13 6.283185E+10 6.000000E+03 8.851674E+14
3.553141E+13 6.283185E+10 6.000000E+03 8.883063E+14
3.559424E+13 6.283185E+10 6.000000E+03 8.914507E+14
3.565708E+13 6.283185E+10 6.000000E+03 8.946007E+14
3.571991E+13 6.283185E+10 6.000000E+03 8.977562E+14
3.578274E+13 6.283185E+10 6.000000E+03 9.009174E+14
3.584557E+13 6.283185E+10 6.000000E+03 9.040840E+14
3.590840E+13 6.283185E+10 6.000000E+03 9.072562E+14
3.597124E+13 6.283185E+10 6.000000E+03 9.104340E+14
3.603407E+13 6.283185E+10 6.000000E+03 9.136174E+14
3.609690E+13 6.283185E+10 6.000000E+03 9.168062E+14
3.615973E+13 6.283185E+10 6.000000E+03 9.200007E+14
3.622256E+13 6.283185E+10 6.000000E+03 9.232007E+14
3.628540E+13 6.283185E+10 6.000000E+03 9.264063E+14
3.634823E+13 6.283185E+10 6.000000E+03 9.296174E+14
3.641106E+13 6.283185E+10 6.000000E+03 9.328340E+14
3.647389E+13 6.283185E+10 6.000000E+03 9.360563E+14
3.653672E+13 6.283185E+10 6.000000E+03 9.392840E+14
3.659955E+13 6.283185E+10 6.000000E+03 9.425174E+14
3.666239E+13 6.283185E+10 6.000000E+03 9.457562E+14
3.672522E+13 6.283185E+10 6.000000E+03 9.490007E+14
3.678805E+13 6.283185E+10 6.000000E+03 9.522507E+14
3.685088E+13 6.283185E+10 6.000000E+03 9.555063E+14
3.691371E+13 6.283185E+10 6.000000E+03 9.587674E+14
3.697655E+13 6.283185E+10 6.000000E+03 9.620340E+14
3.703938E+13 6.283185E+10 6.000000E+03 9.653062E+14
3.710221E+13 6.283185E+10 6.000000E+03 9.685840E+14
3.716504E+13 6.283185E+10 6.000000E+03 9.718674E+14
3.722787E+13 6.283185E+10 6.000000E+03 9.751562E+14
3.729070E+13 6.283185E+10 6.000000E+03 9.784507E+14
3.735354E+13 6.283185E+10 6.000000E+03 9.817507E+14
3.741637E+13 6.283185E+10 6.000000E+03 9.850562E+14
3.747920E+13 6.283185E+10 6.000000E+03 9.883674E+14
3.754203E+13 6.283185E+10 6.000000E+03 9.916840E+14
3.760486E+13 6.283185E+10 6.000000E+03 9.950062E+14
3.766770E+13 6.283185E+10 6.000000E+03 9.983340E+14
3.773053E+13 6.283185E+10 6.000000E+03 1.001667E+15
3.779336E+13 6.283185E+10 6.000000E+03 1.005006E+15
3.785619E+13 6.283185E+10 6.000000E+03 1.008351E+15
3.791902E+13 6.283185E+10 6.000000E+03 1.011701E+15
3.798186E+13 6.283185E+10 6.000000E+03 1.015056E+15
3.804469E+13 6.283185E+10 6.000000E+03 1.018417E+15
3.810752E+13 6.283185E+10 6.000000E+03 1.021784E+15
3.817035E+13 6.283185E+10 6.000000E+03 1.025156E+15
3.823318E+13 6.283185E+10 6.000000E+03 1.028534E+15
3.829601E+13 6.283185E+10 6.000000E+03 1.031917E+15
3.835885E+13 6.283185E+10 6.000000E+03 1.035306E+15
3.842168E+13 6.283185E+10 6.000000E+03 1.038701E+15
3.848451E+13 6.283185E+10 6.000000E+03 1.042101E+15
3.854734E+13 6.283185E+10 6.000000E+03 1.045506E+15
3.861017E+13 6.283185E+10 6.000000E+03 1.048917E+15
3.867301E+13 6.283185E+10 6.000000E+03 1.052334E+15
3.873584E+13 6.283185E+10 6.000000E+03 1.055756E+15
3.879867E+13 6.283185E+10 6.000000E+03 1.059184E+15
3.886150E+13 6.283185E+10 6.000000E+03 1.062617E+15
3.892433E+13 6.283185E+10 6.000000E+03 1.066056E+15
3.898716E+13 6.283185E+10 6.000000E+03 1.069501E+15
3.905000E+13 6.283185E+10 6.000000E+03 1.072951E+15
3.911283E+13 6.283185E+10 6.000000E+03 1.076406E+15
3.917566E+13 6.283185E+10 6.000000E+03 1.079867E+15
3.923849E+13 6.283185E+10 6.000000E+03 1.083334E+15
3.930132E+13 6.283185E+10 6.000000E+03 1.086806E+15
3.936416E+13 6.283185E+10 6.000000E+03 1.090284E+15
3.942699E+13 6.283185E+10 6.000000E+03 1.093767E+15
3.948982E+13 6.283185E+10 6.000000E+03 1.097256E+15
3.955265E+13 6.283185E+10 6.000000E+03 1.100751E+15
3.961548E+13 6.283185E+10 6.000000E+03 1.104251E+15
3.967832E+13 6.283185E+10 6.000000E+03 1.107756E+15
3.974115E+13 6.283185E+10 6.000000E+03 1.111267E+15
3.980398E+13 6.283185E+10 6.000000E+03 1.114784E+15
3.986681E+13 6.283185E+10 6.000000E+03 1.118306E+15
3.992964E+13 6.283185E+10 6.000000E+03 1.121834E+15
3.999247E+13 6.283185E+10 6.000000E+03 1.125367E+15
4.005531E+13 6.283185E+10 6.000000E+03 1.128906E+15
4.011814E+13 6.283185E+10 6.000000E+03 1.132451E+15
4.018097E+13 6.283185E+10 6.000000E+03 1.136001E+15
4.024380E+13 6.283185E+10 6.000000E+03 1.139556E+15
4.030663E+13 6.283185E+10 6.000000E+03 1.143117E+15
4.036947E+13 6.283185E+10 6.000000E+03 1.146684E+15
4.043230E+13 6.283185E+10 6.000000E+03 1.150256E+15
4.049513E+13 6.283185E+10 6.000000E+03 1.153834E+15
4.055796E+13 6.283185E+10 6.000000E+03 1.157417E+15
4.062079E+13 6.283185E+10 6.000000E+03 1.161006E+15
4.068362E+13 6.283185E+10 6.000000E+03 1.164601E+15
4.074646E+13 6.283185E+10 6.000000E+03 1.168201E+15
4.080929E+13 6.283185E+10 6.000000E+03 1.171806E+15
4.087212E+13 6.283185E+10 6.000000E+03 1.175417E+15
4.093495E+13 6.283185E+10 6.000000E+03 1.179034E+15
4.099778E+13 6.283185E+10 6.000000E+03 1.182656E+15
4.106062E+13 6.283185E+10 6.000000E+03 1.186284E+15
4.112345E+13 6.283185E+10 6.000000E+03 1.189917E+15
4.118628E+13 6.283185E+10 6.000000E+03 1.193556E+15
4.124911E+13 6.283185E+10 6.000000E+03 1.197201E+15
4.131194E+13 6.283185E+10 6.000000E+03 1.200851E+15
4.137478E+13 6.283185E+10 6.000000E+03 1.204506E+15
4.143761E+13 6.283185E+10 6.000000E+03 1.208167E+15
4.150044E+13 6.283185E+10 6.000000E+03 1.211834E+15
4.156327E+13 6.283185E+10 6.000000E+03 1.215506E+15
4.162610E+13 6.283185E+10 6.000000E+03 1.219184E+15
4.168893E+13 6.283185E+10 6.000000E+03 1.222867E+15
4.175177E+13 6.283185E+10 6.000000E+03 1.226556E+15
4.181460E+13 6.283185E+10 6.000000E+03 1.230251E+15
4.187743E+13 6.283185E+10 6.000000E+03 1.233951E+15
4.194026E+13 6.283185E+10 6.000000E+03 1.237656E+15
4.200309E+13 6.283185E+10 6.000000E+03 1.241367E+15
4.206593E+13 6.283185E+10 6.000000E+03 1.245084E+15
4.212876E+13 6.283185E+10 6.000000E+03 1.248806E+15
4.219159E+13 6.283185E+10 6.000000E+03 1.252534E+15
4.225442E+13 6.283185E+10 6.000000E+03 1.256267E+15
4.231725E+13 6.283185E+10 6.000000E+03 1.260006E+15
4.238008E+13 6.283185E+10 6.000000E+03 1.263751E+15
4.244292E+13 6.283185E+10 6.000000E+03 1.267501E+15
4.250575E+13 6.283185E+10 6.000000E+03 1.271256E+15
4.256858E+13 6.283185E+10 6.000000E+03 1.275017E+15
4.263141E+13 6.283185E+10 6.000000E+03 1.278784E+15
4.269424E+13 6.283185E+10 6.000000E+03 1.282556E+15
4.275708E+13 6.283185E+10 6.000000E+03 1.286334E+15
4.281991E+13 6.283185E+10 6.000000E+03 1.290117E+15
4.288274E+13 6.283185E+10 6.000000E+03 1.293906E+15
4.294557E+13 6.283185E+10 6.000000E+03 1.297701E+15
4.300840E+13 6.283185E+10 6.000000E+03 1.301501E+15
4.307124E+13 6.283185E+10 6.000000E+03 1.305306E+15
4.313407E+13 6.283185E+10 6.000000E+03 1.309117E+15
4.319690E+13 6.283185E+10 6.000000E+03 1.312934E+15
4.325973E+13 6.283185E+10 6.000000E+03 1.316756E+15
4.332256E+13 6.283185E+10 6.000000E+03 1.320584E+15
4.338539E+13 6.283185E+10 6.000000E+03 1.324417E+15
4.344823E+13 6.283185E+10 6.000000E+03 1.328256E+15
4.351106E+13 6.283185E+10 6.000000E+03 1.332101E+15
4.357389E+13 6.283185E+10 6.000000E+03 1.335951E+15
4.363672E+13 6.283185E+10 6.000000E+03 1.339806E+15
4.369955E+13 6.283185E+10 6.000000E+03 1.343667E+15
4.376239E+13 6.283185E+10 6.000000E+03 1.347534E+15
4.382522E+13 6.283185E+10 6.000000E+03 1.351406E+15
4.388805E+13 6.283185E+10 6.000000E+03 1.355284E+15
4.395088E+13 6.283185E+10 6.000000E+03 1.359167E+15
4.401371E+13 6.283185E+10 6.000000E+03 1.363056E+15
4.407654E+13 6.283185E+10 6.000000E+03 1.366951E+15
4.413938E+13 6.283185E+10 6.000000E+03 1.370851E+15
4.420221E+13 6.283185E+10 6.000000E+03 1.374756E+15
4.426504E+13 6.283185E+10 6.000000E+03 1.378667E+15
4.432787E+13 6.283185E+10 6.000000E+03 1.382584E+15
4.439070E+13 6.283185E+10 6.000000E+03 1.386506E+15
4.445354E+13 6.283185E+10 6.000000E+03 1.390434E+15
4.451637E+13 6.283185E+10 6.000000E+03 1.394367E+15
4.457920E+13 6.283185E+10 6.000000E+03 1.398306E+15
4.464203E+13 6.283185E+10 6.000000E+03 1.402251E+15
4.470486E+13 6.283185E+10 6.000000E+03 1.406201E+15
4.476770E+13 6.283185E+10 6.000000E+03 1.410156E+15
4.483053E+13 6.283185E+10 6.000000E+03 1.414117E+15
4.489336E+13 6.283185E+10 6.000000E+03 1.418084E+15
4.495619E+13 6.283185E+10 6.000000E+03 1.422056E+15
4.501902E+13 6.283185E+10 6.000000E+03 1.426034E+15
4.508185E+13 6.283185E+10 6.000000E+03 1.430017E+15
4.514469E+13 6.283185E+10 6.000000E+03 1.434006E+15
4.520752E+13 6.283185E+10 6.000000E+03 1.438001E+15
4.527035E+13 6.283185E+10 6.000000E+03 1.442001E+15
4.533318E+13 6.283185E+10 6.000000E+03 1.446006E+15
4.539601E+13 6.283185E+10 6.000000E+03 1.450017E+15
4.545885E+13 6.283185E+10 6.000000E+03 1.454034E+15
4.552168E+13 6.283185E+10 6.000000E+03 1.458056E+15
4.558451E+13 6.283185E+10 6.000000E+03 1.462084E+15
4.564734E+13 6.283185E+10 6.000000E+03 1.466117E+15
4.571017E+13 6.283185E+10 6.000000E+03 1.470156E+15
4.577300E+13 6.283185E+10 6.000000E+03 1.474201E+15
4.583584E+13 6.283185E+10 6.000000E+03 1.478251E+15
4.589867E+13 6.283185E+10 6.000000E+03 1.482306E+15
4.596150E+13 6.283185E+10 6.000000E+03 1.486367E+15
4.602433E+13 6.283185E+10 6.000000E+03 1.490434E+15
4.608716E+13 6.283185E+10 6.000000E+03 1.494506E+15
4.615000E+13 6.283185E+10 6.000000E+03 1.498584E+15
4.621283E+13 6.283185E+10 6.000000E+03 1.502667E+15
4.627566E+13 6.283185E+10 6.000000E+03 1.506756E+15
4.633849E+13 6.283185E+10 6.000000E+03 1.510851E+15
4.640132E+13 6.283185E+10 6.000000E+03 1.514951E+15
4.646416E+13 6.283185E+10 6.000000E+03 1.519056E+15
4.652699E+13 6.283185E+10 6.000000E+03 1.523167E+15
4.658982E+13 6.283185E+10 6.000000E+03 1.527284E+15
4.665265E+13 6.283185E+10 6.000000E+03 1.531406E+15
4.671548E+13 6.283185E+10 6.000000E+03 1.535534E+15
4.677831E+13 6.283185E+10 6.000000E+03 1.539667E+15
4.684115E+13 6.283185E+10 6.000000E+03 1.543806E+15
4.690398E+13 6.283185E+10 6.000000E+03 1.547951E+15
4.696681E+13 6.283185E+10 6.000000E+03 1.552101E+15
4.702964E+13 6.283185E+10 6.000000E+03 1.556256E+15
4.709247E+13 6.283185E+10 6.000000E+03 1.560417E+15
4.715531E+13 6.283185E+10 6.000000E+03 1.564584E+15
4.721814E+13 6.283185E+10 6.000000E+03 1.568756E+15
4.728097E+13 6.283185E+10 6.000000E+03 1.572934E+15
4.734380E+13 6.283185E+10 6.000000E+03 1.577117E+15
4.740663E+13 6.283185E+10 6.000000E+03 1.581306E+15
4.746946E+13 6.283185E+10 6.000000E+03 1.585501E+15
4.753230E+13 6.283185E+10 6.000000E+03 1.589701E+15
4.759513E+13 6.283185E+10 6.000000E+03 1.593906E+15
4.765796E+13 6.283185E+10 6.000000E+03 1.598117E+15
4.772079E+13 6.283185E+10 6.000000E+03 1.602334E+15
4.778362E+13 6.283185E+10 6.000000E+03 1.606556E+15
4.784646E+13 6.283185E+10 6.000000E+03 1.610784E+15
4.790929E+13 6.283185E+10 6.000000E+03 1.615017E+15
4.797212E+13 6.283185E+10 6.000000E+03 1.619256E+15
4.803495E+13 6.283185E+10 6.000000E+03 1.623501E+15
4.809778E+13 6.283185E+10 6.000000E+03 1.627751E+15
4.816062E+13 6.283185E+10 6.000000E+03 1.632006E+15
4.822345E+13 6.283185E+10 6.000000E+03 1.636267E+15
4.828628E+13 6.283185E+10 6.000000E+03 1.640534E+15
4.834911E+13 6.283185E+10 6.000000E+03 1.644806E+15
4.841194E+13 6.283185E+10 6.000000E+03 1.649084E+15
4.847477E+13 6.283185E+10 6.000000E+03 1.653367E+15
4.853761E+13 6.283185E+10 6.000000E+03 1.657656E+15
4.860044E+13 6.283185E+10 6.000000E+03 1.661951E+15
4.866327E+13 6.283185E+10 6.000000E+03 1.666251E+15
4.872610E+13 6.283185E+10 6.000000E+03 1.670556E+15
4.878893E+13 6.283185E+10 6.000000E+03 1.674867E+15
4.885177E+13 6.283185E+10 6.000000E+03 1.679184E+15
4.891460E+13 6.283185E+10 6.000000E+03 1.683506E+15
4.897743E+13 6.283185E+10 6.000000E+03 1.687834E+15
4.904026E+13 6.283185E+10 6.000000E+03 1.692167E+15
4.910309E+13 6.283185E+10 6.000000E+03 1.696506E+15
4.916593E+13 6.283185E+10 6.000000E+03 1.700851E+15
4.922876E+13 6.283185E+10 6.000000E+03 1.705201E+15
4.929159E+13 6.283185E+10 6.000000E+03 1.709556E+15
4.935442E+13 6.283185E+10 6.000000E+03 1.713917E+15
4.941725E+13 6.283185E+10 6.000000E+03 1.718284E+15
4.948008E+13 6.283185E+10 6.000000E+03 1.722656E+15
4.954292E+13 6.283185E+10 6.000000E+03 1.727034E+15
4.960575E+13 6.283185E+10 6.000000E+03 1.731417E+15
4.966858E+13 6.283185E+10 6.000000E+03 1.735806E+15
4.973141E+13 6.283185E+10 6.000000E+03 1.740201E+15
4.979424E+13 6.283185E+10 6.000000E+03 1.744601E+15
4.985708E+13 6.283185E+10 6.000000E+03 1.749006E+15
4.991991E+13 6.283185E+10 6.000000E+03 1.753417E+15
4.998274E+13 6.283185E+10 6.000000E+03 1.757834E+15
5.004557E+13 6.283185E+10 6.000000E+03 1.762256E+15
5.010840E+13 6.283185E+10 6.000000E+03 1.766684E+15
5.017123E+13 6.283185E+10 6.000000E+03 1.771117E+15
5.023407E+13 6.283185E+10 6.000000E+03 1.775556E+15
5.029690E+13 6.283185E+10 6.000000E+03 1.780001E+15
5.035973E+13 6.283185E+10 6.000000E+03 1.784451E+15
5.042256E+13 6.283185E+10 6.000000E+03 1.788906E+15
5.048539E+13 6.283185E+10 6.000000E+03 1.793367E+15
5.054823E+13 6.283185E+10 6.000000E+03 1.797834E+15
5.061106E+13 6.283185E+10 6.000000E+03 1.802306E+15
5.067389E+13 6.283185E+10 6.000000E+03 1.806784E+15
5.073672E+13 6.283185E+10 6.000000E+03 1.811267E+15
5.079955E+13 6.283185E+10 6.000000E+03 1.815756E+15
5.086239E+13 6.283185E+10 6.000000E+03 1.820251E+15
5.092522E+13 6.283185E+10 6.000000E+03 1.824751E+15
5.098805E+13 6.283185E+10 6.000000E+03 1.829256E+15
5.105088E+13 6.283185E+10 6.000000E+03 1.833767E+15
5.111371E+13 6.283185E+10 6.000000E+03 1.838284E+15
5.117654E+13 6.283185E+10 6.000000E+03 1.842806E+15
5.123938E+13 6.283185E+10 6.000000E+03 1.847334E+15
5.130221E+13 6.283185E+10 6.000000E+03 1.851867E+15
5.136504E+13 6.283185E+10 6.000000E+03 1.856406E+15
5.142787E+13 6.283185E+10 6.000000E+03 1.860951E+15
5.149070E+13 6.283185E+10 6.000000E+03 1.865501E+15
5.155354E+13 6.283185E+10 6.000000E+03 1.870056E+15
5.161637E+13 6.283185E+10 6.000000E+03 1.874617E+15
5.167920E+13 6.283185E+10 6.000000E+03 1.879184E+15
5.174203E+13 6.283185E+10 6.000000E+03 1.883756E+15
5.180486E+13 6.283185E+10 6.000000E+03 1.888334E+15
5.186769E+13 6.283185E+10 6.000000E+03 1.892917E+15
5.193053E+13 6.283185E+10 6.000000E+03 1.897506E+15
5.199336E+13 6.283185E+10 6.000000E+03 1.902101E+15
5.205619E+13 6.283185E+10 6.000000E+03 1.906701E+15
5.211902E+13 6.283185E+10 6.000000E+03 1.911306E+15
5.218185E+13 6.283185E+10 6.000000E+03 1.915917E+15
5.224469E+13 6.283185E+10 6.000000E+03 1.920534E+15
5.230752E+13 6.283185E+10 6.000000E+03 1.925156E+15
5.237035E+13 6.283185E+10 6.000000E+03 1.929784E+15
5.243318E+13 6.283185E+10 6.000000E+03 1.934417E+15
5.249601E+13 6.283185E+10 6.000000E+03 1.939056E+15
5.255885E+13 6.283185E+10 6.000000E+03 1.943701E+15
5.262168E+13 6.283185E+10 6.000000E+03 1.948351E+15
5.268451E+13 6.283185E+10 6.000000E+03 1.953006E+15
5.274734E+13 6.283185E+10 6.000000E+03 1.957667E+15
5.281017E+13 6.283185E+10 6.000000E+03 1.962334E+15
5.287300E+13 6.283185E+10 6.000000E+03 1.967006E+15
5.293584E+13 6.283185E+10 6.000000E+03 1.971684E+15
5.299867E+13 6.283185E+10 6.000000E+03 1.976367E+15
5.306150E+13 6.283185E+10 6.000000E+03 1.981056E+15
5.312433E+13 6.283185E+10 6.000000E+03 1.985751E+15
5.318716E+13 6.283185E+10 6.000000E+03 1.990451E+15
5.325000E+13 6.283185E+10 6.000000E+03 1.995156E+15
5.331283E+13 6.283185E+10 6.000000E+03 1.999867E+15
5.337566E+13 6.283185E+10 6.000000E+03 2.004584E+15
5.343849E+13 6.283185E+10 6.000000E+03 2.009306E+15
5.350132E+13 6.283185E+10 6.000000E+03 2.014034E+15
5.356415E+13 6.283185E+10 6.000000E+03 2.018767E+15
5.362699E+13 6.283185E+10 6.000000E+03 2.023506E+15
5.368982E+13 6.283185E+10 6.000000E+03 2.028251E+15
5.375265E+13 6.283185E+10 6.000000E+03 2.033001E+15
5.381548E+13 6.283185E+10 6.000000E+03 2.037756E+15
5.387831E+13 6.283185E+10 6.000000E+03 2.042517E+15
5.394115E+13 6.283185E+10 6.000000E+03 2.047284E+15
5.400398E+13 6.283185E+10 6.000000E+03 2.052056E+15
5.406681E+13 6.283185E+10 6.000000E+03 2.056834E+15
5.412964E+13 6.283185E+10 6.000000E+03 2.061617E+15
5.419247E+13 6.283185E+10 6.000000E+03 2.066406E+15
5.425531E+13 6.283185E+10 6.000000E+03 2.071201E+15
5.431814E+13 6.283185E+10 6.000000E+03 2.076001E+15
5.438097E+13 6.283185E+10 6.000000E+03 2.080806E+15
5.444380E+13 6.283185E+10 6.000000E+03 2.085617E+15
5.450663E+13 6.283185E+10 6.000000E+03 2.090434E+15
5.456946E+13 6.283185E+10 6.000000E+03 2.095256E+15
5.463230E+13 6.283185E+10 6.000000E+03 2.100084E+15
5.469513E+13 6.283185E+10 6.000000E+03 2.104917E+15
5.475796E+13 6.283185E+10 6.000000E+03 2.109756E+15
5.482079E+13 6.283185E+10 6.000000E+03 2.114601E+15
5.488362E+13 6.283185E+10 6.000000E+03 2.119451E+15
5.494646E+13 6.283185E+10 6.000000E+03 2.124306E+15
5.500929E+13 6.283185E+10 6.000000E+03 2.129167E+15
5.507212E+13 6.283185E+10 6.000000E+03 2.134034E+15
5.513495E+13 6.283185E+10 6.000000E+03 2.138906E+15
5.519778E+13 6.283185E+10 6.000000E+03 2.143784E+15
5.526061E+13 6.283185E+10 6.000000E+03 2.148667E+15
5.532345E+13 6.283185E+10 6.000000E+03 2.153556E+15
5.538628E+13 6.283185E+10 6.000000E+03 2.158451E+15
5.544911E+13 6.283185E+10 6.000000E+03 2.163351E+15
5.551194E+13 6.283185E+10 6.000000E+03 2.168256E+15
5.557477E+13 6.283185E+10 6.000000E+03 2.173167E+15
5.563761E+13 6.283185E+10 6.000000E+03 2.178084E+15
5.570044E+13 6.283185E+10 6.000000E+03 2.183006E+15
5.576327E+13 6.283185E+10 6.000000E+03 2.187934E+15
5.582610E+13 6.283185E+10 6.000000E+03 2.192867E+15
5.588893E+13 6.283185E+10 6.000000E+03 2.197806E+15
5.595177E+13 6.283185E+10 6.000000E+03 2.202751E+15
5.601460E+13 6.283185E+10 6.000000E+03 2.207701E+15
5.607743E+13 6.283185E+10 6.000000E+03 2.212656E+15
5.614026E+13 6.283185E+10 6.000000E+03 2.217617E+15
5.620309E+13 6.283185E+10 6.000000E+03 2.222584E+15
5.626592E+13 6.283185E+10 6.000000E+03 2.227556E+15
5.632876E+13 6.283185E+10 6.000000E+03 2.232534E+15
5.639159E+13 6.283185E+10 6.000000E+03 2.237517E+15
5.645442E+13 6.283185E+10 6.000000E+03 2.242506E+15
5.651725E+13 6.283185E+10 6.000000E+03 2.247501E+15
5.658008E+13 6.283185E+10 6.000000E+03 2.252501E+15
5.664292E+13 6.283185E+10 6.000000E+03 2.257506E+15
5.670575E+13 6.283185E+10 6.000000E+03 2.262517E+15
5.676858E+13 6.283185E+10 6.000000E+03 2.267534E+15
5.683141E+13 6.283185E+10 6.000000E+03 2.272556E+15
5.689424E+13 6.283185E+10 6.000000E+03 2.277584E+15
5.695707E+13 6.283185E+10 6.000000E+03 2.282617E+15
5.701991E+13 6.283185E+10 6.000000E+03 2.287656E+15
5.708274E+13 6.283185E+10 6.000000E+03 2.292701E+15
5.714557E+13 6.283185E+10 6.000000E+03 2.297751E+15
5.720840E+13 6.283185E+10 6.000000E+03 2.302806E+15
5.727123E+13 6.283185E+10 6.000000E+03 2.307867E+15
5.733407E+13 6.283185E+10 6.000000E+03 2.312934E+15
5.739690E+13 6.283185E+10 6.000000E+03 2.318006E+15
5.745973E+13 6.283185E+10 6.000000E+03 2.323084E+15
5.752256E+13 6.283185E+10 6.000000E+03 2.328167E+15
5.758539E+13 6.283185E+10 6.000000E+03 2.333256E+15
5.764823E+13 6.283185E+10 6.000000E+03 2.338351E+15
5.771106E+13 6.283185E+10 6.000000E+03 2.343451E+15
5.777389E+13 6.283185E+10 6.000000E+03 2.348556E+15
5.783672E+13 6.283185E+10 6.000000E+03 2.353667E+15
5.789955E+13 6.283185E+10 6.000000E+03 2.358784E+15
5.796238E+13 6.283185E+10 6.000000E+03 2.363906E+15
5.802522E+13 6.283185E+10 6.000000E+03 2.369034E+15
5.808805E+13 6.283185E+10 6.000000E+03 2.374167E+15
5.815088E+13 6.283185E+10 6.000000E+03 2.379306E+15
5.821371E+13 6.283185E+10 6.000000E+03 2.384451E+15
5.827654E+13 6.283185E+10 6.000000E+03 2.389601E+15
5.833938E+13 6.283185E+10 6.000000E+03 2.394756E+15
5.840221E+13 6.283185E+10 6.000000E+03 2.399917E+15
5.846504E+13 6.283185E+10 6.000000E+03 2.405084E+15
5.852787E+13 6.283185E+10 6.000000E+03 2.410256E+15
5.859070E+13 6.283185E+10 6.000000E+03 2.415434E+15
5.865353E+13 6.283185E+10 6.000000E+03 2.420617E+15
5.871637E+13 6.283185E+10 6.000000E+03 2.425806E+15
5.877920E+13 6.283185E+10 6.000000E+03 2.431001E+15
5.884203E+13 6.283185E+10 6.000000E+03 2.436201E+15
5.890486E+13 6.283185E+10 6.000000E+03 2.441406E+15
5.896769E+13 6.283185E+10 6.000000E+03 2.446617E+15
5.903053E+13 6.283185E+10 6.000000E+03 2.451834E+15
5.909336E+13 6.283185E+10 6.000000E+03 2.457056E+15
5.915619E+13 6.283185E+10 6.000000E+03 2.462284E+15
5.921902E+13 6.283185E+10 6.000000E+03 2.467517E+15
5.928185E+13 6.283185E+10 6.000000E+03 2.472756E+15
5.934469E+13 6.283185E+10 6.000000E+03 2.478001E+15
5.940752E+13 6.283185E+10 6.000000E+03 2.483251E+15
5.947035E+13 6.283185E+10 6.000000E+03 2.488506E+15
5.953318E+13 6.283185E+10 6.000000E+03 2.493767E+15
5.959601E+13 6.283185E+10 6.000000E+03 2.499034E+15
5.965884E+13 6.283185E+10 6.000000E+03 2.504306E+15
5.972168E+13 6.283185E+10 6.000000E+03 2.509584E+15
5.978451E+13 6.283185E+10 6.000000E+03 2.514867E+15
5.984734E+13 6.283185E+10 6.000000E+03 2.520156E+15
5.991017E+13 6.283185E+10 6.000000E+03 2.525451E+15
5.997300E+13 6.283185E+10 6.000000E+03 2.530751E+15
6.003584E+13 6.283185E+10 6.000000E+03 2.536056E+15
6.009867E+13 6.283185E+10 6.000000E+03 2.541367E+15
6.016150E+13 6.283185E+10 6.000000E+03 2.546684E+15
6.022433E+13 6.283185E+10 6.000000E+03 2.552006E+15
6.028716E+13 6.283185E+10 6.000000E+03 2.557334E+15
6.034999E+13 6.283185E+10 6.000000E+03 2.562667E+15
6.041283E+13 6.283185E+10 6.000000E+03 2.568006E+15
6.047566E+13 6.283185E+10 6.000000E+03 2.573351E+15
6.053849E+13 6.283185E+10 6.000000E+03 2.578701E+15
6.060132E+13 6.283185E+10 6.000000E+03 2.584056E+15
6.066415E+13 6.283185E+10 6.000000E+03 2.589417E+15
6.072699E+13 6.283185E+10 6.000000E+03 2.594784E+15
6.078982E+13 6.283185E+10 6.000000E+03 2.600156E+15
6.085265E+13 6.283185E+10 6.000000E+03 2.605534E+15
6.091548E+13 6.283185E+10 6.000000E+03 2.610917E+15
6.097831E+13 6.283185E+10 6.000000E+03 2.616306E+15
6.104115E+13 6.283185E+10 6.000000E+03 2.621701E+15
6.110398E+13 6.283185E+10 6.000000E+03 2.627101E+15
6.116681E+13 6.283185E+10 6.000000E+03 2.632506E+15
6.122964E+13 6.283185E+10 6.000000E+03 2.637917E+15
6.129247E+13 6.283185E+10 6.000000E+03 2.643334E+15
6.135530E+13 6.283185E+10 6.000000E+03 2.648756E+15
6.141814E+13 6.283185E+10 6.000000E+03 2.654184E+15
6.148097E+13 6.283185E+10 6.000000E+03 2.659617E+15
6.154380E+13 6.283185E+10 6.000000E+03 2.665056E+15
6.160663E+13 6.283185E+10 6.000000E+03 2.670501E+15
6.166946E+13 6.283185E+10 6.000000E+03 2.675951E+15
6.173230E+13 6.283185E+10 6.000000E+03 2.681406E+15
6.179513E+13 6.283185E+10 6.000000E+03 2.686867E+15
6.185796E+13 6.283185E+10 6.000000E+03 2.692334E+15
6.192079E+13 6.283185E+10 6.000000E+03 2.697806E+15
6.198362E+13 6.283185E+10 6.000000E+03 2.703284E+15
6.204645E+13 6.283185E+10 6.000000E+03 2.708767E+15
6.210929E+13 6.283185E+10 6.000000E+03 2.714256E+15
6.217212E+13 6.283185E+10 6.000000E+03 2.719751E+15
6.223495E+13 6.283185E+10 6.000000E+03 2.725251E+15
6.229778E+13 6.283185E+10 6.000000E+03 2.730756E+15
6.236061E+13 6.283185E+10 6.000000E+03 2.736267E+15
6.242345E+13 6.283185E+10 6.000000E+03 2.741784E+15
6.248628E+13 6.283185E+10 6.000000E+03 2.747306E+15
6.254911E+13 6.283185E+10 6.000000E+03 2.752834E+15
6.261194E+13 6.283185E+10 6.000000E+03 2.758367E+15
6.267477E+13 6.283185E+10 6.000000E+03 2.763906E+15
6.273761E+13 6.283185E+10 6.000000E+03 2.769451E+15
6.280044E+13 6.283185E+10 6.000000E+03 2.775001E+15
